Optimal Schedule Length: 110
[0L, 5, 0, 0, 0]
[5L, 5, 0, 1, 1]
[5L, 5, 1, 0, 1]
[10L, 5, 1, 1, 2]
[10L, 5, 2, 0, 2]
[15L, 5, 2, 1, 3]
[15L, 5, 3, 0, 3]
[20L, 5, 3, 1, 4]
[20L, 5, 4, 0, 4]
[25L, 5, 4, 1, 5]
[25L, 5, 5, 0, 5]
[30L, 5, 5, 1, 6]
[30L, 5, 6, 0, 6]
[35L, 5, 6, 1, 7]
[35L, 10, 17, 0, 7]
[45L, 5, 12, 0, 8]
[45L, 10, 17, 1, 8]
[55L, 5, 13, 1, 9]
[55L, 10, 17, 0, 9]
[65L, 5, 6, 0, 10]
[65L, 10, 17, 1, 10]
[70L, 5, 5, 0, 11]
[75L, 5, 4, 0, 12]
[75L, 5, 6, 1, 12]
[80L, 5, 3, 0, 13]
[80L, 5, 5, 1, 13]
[85L, 5, 2, 0, 14]
[85L, 5, 4, 1, 14]
[90L, 5, 1, 0, 15]
[90L, 5, 3, 1, 15]
[95L, 5, 2, 1, 16]
[95L, 5, 7, 0, 16]
[100L, 5, 1, 1, 17]
[105L, 5, 7, 1, 18]
