Optimal Schedule Length: 105
[0L, 5, 0, 0, 0]
[5L, 5, 0, 1, 1]
[5L, 5, 1, 0, 1]
[10L, 5, 1, 1, 2]
[10L, 5, 2, 0, 2]
[15L, 5, 2, 1, 3]
[15L, 5, 3, 0, 3]
[20L, 5, 3, 1, 4]
[20L, 5, 4, 0, 4]
[25L, 5, 5, 0, 5]
[25L, 5, 9, 1, 5]
[30L, 5, 3, 1, 6]
[30L, 5, 6, 0, 6]
[35L, 5, 16, 1, 7]
[35L, 10, 17, 0, 7]
[40L, 5, 3, 1, 8]
[45L, 5, 2, 1, 9]
[45L, 5, 12, 0, 9]
[50L, 5, 1, 1, 10]
[50L, 10, 17, 0, 10]
[55L, 5, 7, 1, 11]
[60L, 5, 6, 0, 12]
[65L, 5, 5, 0, 13]
[70L, 5, 4, 0, 14]
[75L, 5, 3, 0, 15]
[80L, 5, 2, 0, 16]
[85L, 5, 1, 0, 17]
[90L, 5, 8, 0, 18]
[95L, 5, 1, 0, 19]
[100L, 5, 7, 0, 20]
