Optimal Schedule Length: 70
[0L, 5, 0, 0, 0]
[5L, 5, 0, 1, 1]
[5L, 5, 1, 0, 1]
[10L, 5, 1, 1, 2]
[10L, 5, 2, 0, 2]
[15L, 5, 2, 1, 3]
[15L, 5, 3, 0, 3]
[20L, 5, 3, 1, 4]
[20L, 5, 4, 0, 4]
[25L, 5, 4, 1, 5]
[25L, 5, 5, 0, 5]
[30L, 5, 5, 1, 6]
[30L, 5, 10, 0, 6]
[35L, 5, 5, 0, 7]
[35L, 5, 10, 1, 7]
[40L, 5, 4, 0, 8]
[40L, 5, 5, 1, 8]
[45L, 5, 3, 0, 9]
[45L, 5, 4, 1, 9]
[50L, 5, 2, 0, 10]
[50L, 5, 3, 1, 10]
[55L, 5, 1, 0, 11]
[55L, 5, 2, 1, 11]
[60L, 5, 1, 1, 12]
[60L, 5, 7, 0, 12]
[65L, 5, 7, 1, 13]
