Optimal Schedule Length: 105
[0L, 5, 0, 1, 0]
[5L, 5, 0, 0, 1]
[5L, 5, 1, 1, 1]
[10L, 5, 0, 2, 2]
[10L, 5, 1, 0, 2]
[10L, 5, 2, 1, 2]
[15L, 5, 1, 2, 3]
[15L, 5, 2, 0, 3]
[15L, 5, 3, 1, 3]
[20L, 5, 3, 0, 4]
[20L, 5, 4, 1, 4]
[20L, 5, 8, 2, 4]
[25L, 5, 1, 2, 5]
[25L, 5, 5, 1, 5]
[25L, 5, 16, 0, 5]
[30L, 5, 3, 0, 6]
[30L, 5, 6, 1, 6]
[30L, 5, 7, 2, 6]
[35L, 5, 9, 0, 7]
[35L, 10, 17, 1, 7]
[40L, 5, 3, 0, 8]
[45L, 5, 2, 0, 9]
[45L, 5, 14, 1, 9]
[50L, 5, 1, 0, 10]
[50L, 10, 17, 1, 10]
[55L, 5, 8, 0, 11]
[60L, 5, 1, 0, 12]
[60L, 5, 6, 1, 12]
[65L, 5, 5, 1, 13]
[65L, 5, 7, 0, 13]
[70L, 5, 10, 1, 14]
[75L, 5, 5, 1, 15]
[80L, 5, 4, 1, 16]
[85L, 5, 3, 1, 17]
[90L, 5, 2, 1, 18]
[95L, 5, 1, 1, 19]
[100L, 5, 7, 1, 20]
